SER_NO ASSETS  R-INC  WAGES   VT_D  RESRCS  LEISR  CONS  VIABLE
  
    1  0.010  0.000  0.000  0.000  0.010  0.000  0.000  0.000
    2  0.020  0.000  0.000  0.000  0.020  0.000  0.000  0.000
    3  0.030  0.001  0.000  0.000  0.031  0.000  0.000  0.000
    4  0.040  0.001  0.000  0.000  0.041  0.000  0.000  0.000
    5  0.050  0.001  0.000  0.000  0.051  0.000  0.000  0.000
    6  0.060  0.001  0.000  0.000  0.061  0.000  0.000  0.000
    7  0.070  0.001  0.000  0.000  0.071  0.000  0.000  0.000
    8  0.080  0.002  0.000  0.000  0.082  0.000  0.000  0.000
    9  0.090  0.002  0.000  0.000  0.092  0.000  0.000  0.000
   10  0.100  0.002  0.000  0.000  0.102  0.000  0.000  0.000
   11  0.110  0.002  0.000  0.000  0.112  0.000  0.000  0.000
   12  0.120  0.002  0.000  0.000  0.122  0.000  0.000  0.000
   13  0.130  0.003  0.000  0.000  0.133  0.000  0.000  0.000
   14  0.140  0.003  0.000  0.000  0.143  0.000  0.000  0.000
   15  0.150  0.003  0.000  0.000  0.153  0.000  0.000  0.000
   16  0.160  0.003  0.000  0.000  0.163  0.000  0.000  0.000
   17  0.170  0.003  0.000  0.000  0.173  0.000  0.000  0.000
   18  0.180  0.004  0.000  0.000  0.184  0.000  0.000  0.000
   19  0.190  0.004  0.000  0.000  0.194  0.000  0.000  0.000
   20  0.200  0.004  0.000  0.002  0.206  1.000  0.004  1.000
   21  0.210  0.004  0.000  0.007  0.222  1.000  0.014  1.000
   22  0.220  0.004  0.000  0.014  0.239  1.000  0.024  1.000
   23  0.230  0.005  0.000  0.022  0.257  1.000  0.035  1.000
   24  0.240  0.005  0.000  0.031  0.276  1.000  0.045  1.000
   25  0.250  0.005  0.000  0.040  0.295  1.000  0.055  1.000
   26  0.260  0.005  0.000  0.049  0.315  1.000  0.065  1.000
   27  0.270  0.005  0.000  0.059  0.335  1.000  0.075  1.000
   28  0.280  0.006  0.000  0.069  0.355  1.000  0.086  1.000
   29  0.290  0.006  0.000  0.080  0.376  1.000  0.096  1.000
   30  0.300  0.006  0.000  0.091  0.397  1.000  0.106  1.000
   31  0.310  0.006  0.000  0.102  0.418  1.000  0.116  1.000
   32  0.320  0.006  0.000  0.113  0.439  1.000  0.126  1.000
   33  0.330  0.007  0.000  0.125  0.461  1.000  0.137  1.000
   34  0.340  0.007  0.000  0.136  0.483  1.000  0.147  1.000
   35  0.350  0.007  0.000  0.148  0.505  1.000  0.157  1.000
   36  0.360  0.007  0.000  0.160  0.528  1.000  0.167  1.000
   37  0.370  0.007  0.000  0.173  0.550  1.000  0.177  1.000
   38  0.380  0.008  0.000  0.185  0.573  1.000  0.188  1.000
   39  0.390  0.008  0.000  0.198  0.596  1.000  0.198  1.000
   40  0.400  0.008  0.000  0.211  0.619  1.000  0.208  1.000
   41  0.410  0.008  0.000  0.224  0.642  1.000  0.218  1.000
   42  0.420  0.008  0.000  0.237  0.665  1.000  0.228  1.000
   43  0.430  0.009  0.000  0.250  0.689  1.000  0.239  1.000
   44  0.440  0.009  0.000  0.264  0.712  1.000  0.249  1.000
   45  0.450  0.009  0.000  0.277  0.736  1.000  0.259  1.000
   46  0.460  0.009  0.000  0.291  0.760  1.000  0.269  1.000
   47  0.470  0.009  0.000  0.305  0.784  1.000  0.279  1.000
   48  0.480  0.010  0.000  0.319  0.808  1.000  0.290  1.000
   49  0.490  0.010  0.000  0.333  0.833  1.000  0.300  1.000
   50  0.500  0.010  0.000  0.347  0.857  1.000  0.310  1.000
   51  0.510  0.010  0.000  0.361  0.881  1.000  0.320  1.000
   52  0.520  0.010  0.000  0.376  0.906  1.000  0.330  1.000
   53  0.530  0.011  0.000  0.390  0.931  1.000  0.341  1.000
   54  0.540  0.011  0.000  0.405  0.956  1.000  0.351  1.000
   55  0.550  0.011  0.000  0.420  0.981  1.000  0.361  1.000
   56  0.560  0.011  0.000  0.435  1.006  1.000  0.371  1.000
   57  0.570  0.011  0.000  0.450  1.031  1.000  0.381  1.000
   58  0.580  0.012  0.000  0.465  1.056  1.000  0.392  1.000
   59  0.590  0.012  0.000  0.480  1.082  1.000  0.402  1.000
   60  0.600  0.012  0.000  0.495  1.107  1.000  0.412  1.000
   61  0.610  0.012  0.000  0.510  1.133  1.000  0.422  1.000
   62  0.620  0.012  0.000  0.526  1.158  1.000  0.432  1.000
   63  0.630  0.013  0.000  0.542  1.184  1.000  0.443  1.000
   64  0.640  0.013  0.000  0.557  1.210  1.000  0.453  1.000
   65  0.650  0.013  0.000  0.573  1.236  1.000  0.463  1.000
   66  0.660  0.013  0.000  0.589  1.262  1.000  0.473  1.000
   67  0.670  0.013  0.000  0.605  1.288  1.000  0.483  1.000
   68  0.680  0.014  0.000  0.621  1.314  1.000  0.494  1.000
   69  0.690  0.014  0.000  0.637  1.340  1.000  0.504  1.000
   70  0.700  0.014  0.000  0.653  1.367  1.000  0.514  1.000
   71  0.710  0.014  0.000  0.669  1.393  1.000  0.524  1.000
   72  0.720  0.014  0.000  0.685  1.420  1.000  0.534  1.000
   73  0.730  0.015  0.000  0.702  1.446  1.000  0.545  1.000
   74  0.740  0.015  0.000  0.718  1.473  1.000  0.555  1.000
   75  0.750  0.015  0.000  0.735  1.500  1.000  0.565  1.000
   76  0.760  0.015  0.000  0.751  1.527  1.000  0.575  1.000
   77  0.770  0.015  0.000  0.768  1.553  1.000  0.585  1.000
   78  0.780  0.016  0.000  0.785  1.580  1.000  0.596  1.000
   79  0.790  0.016  0.000  0.802  1.607  1.000  0.606  1.000
   80  0.800  0.016  0.000  0.819  1.635  1.000  0.616  1.000
   81  0.810  0.016  0.000  0.836  1.662  1.000  0.626  1.000
   82  0.820  0.016  0.000  0.853  1.689  1.000  0.636  1.000
   83  0.830  0.017  0.000  0.870  1.716  1.000  0.647  1.000
   84  0.840  0.017  0.000  0.887  1.744  1.000  0.657  1.000
   85  0.850  0.017  0.000  0.904  1.771  1.000  0.667  1.000
   86  0.860  0.017  0.000  0.921  1.799  1.000  0.677  1.000
   87  0.870  0.017  0.000  0.939  1.826  1.000  0.687  1.000
   88  0.880  0.018  0.000  0.956  1.854  1.000  0.698  1.000
   89  0.890  0.018  0.000  0.974  1.882  1.000  0.708  1.000
   90  0.900  0.018  0.000  0.991  1.909  1.000  0.718  1.000
   91  0.910  0.018  0.000  1.009  1.937  1.000  0.728  1.000
   92  0.920  0.018  0.000  1.027  1.965  1.000  0.738  1.000
   93  0.930  0.019  0.000  1.044  1.993  1.000  0.749  1.000
   94  0.940  0.019  0.000  1.062  2.021  1.000  0.759  1.000
   95  0.950  0.019  0.000  1.080  2.049  1.000  0.769  1.000
   96  0.960  0.019  0.000  1.098  2.077  1.000  0.779  1.000
   97  0.970  0.019  0.000  1.116  2.106  1.000  0.789  1.000
   98  0.980  0.020  0.000  1.134  2.134  1.000  0.800  1.000
   99  0.990  0.020  0.000  1.152  2.162  1.000  0.810  1.000
  100  1.000  0.020  0.000  1.170  2.190  1.000  0.820  1.000
  101  1.010  0.020  0.000  1.189  2.219  1.000  0.830  1.000
  102  1.020  0.020  0.000  1.207  2.247  1.000  0.840  1.000
  103  1.030  0.021  0.000  1.225  2.276  1.000  0.851  1.000
  104  1.040  0.021  0.000  1.244  2.305  1.000  0.861  1.000
  105  1.050  0.021  0.000  1.262  2.333  1.000  0.871  1.000
  106  1.060  0.021  0.000  1.281  2.362  1.000  0.881  1.000
  107  1.070  0.021  0.000  1.299  2.391  1.000  0.891  1.000
  108  1.080  0.022  0.000  1.318  2.419  1.000  0.902  1.000
  109  1.090  0.022  0.000  1.336  2.448  1.000  0.912  1.000
  110  1.100  0.022  0.000  1.355  2.477  1.000  0.922  1.000
  111  1.110  0.022  0.000  1.374  2.506  1.000  0.932  1.000
  112  1.120  0.022  0.000  1.393  2.535  1.000  0.942  1.000
  113  1.130  0.023  0.000  1.412  2.564  1.000  0.953  1.000
  114  1.140  0.023  0.000  1.431  2.593  1.000  0.963  1.000
  115  1.150  0.023  0.000  1.450  2.623  1.000  0.973  1.000
  116  1.160  0.023  0.000  1.469  2.652  1.000  0.983  1.000
  117  1.170  0.023  0.000  1.488  2.681  1.000  0.993  1.000
  118  1.180  0.024  0.000  1.507  2.710  1.000  1.004  1.000
  119  1.190  0.024  0.000  1.526  2.740  1.000  1.014  1.000
  120  1.200  0.024  0.000  1.545  2.769  1.000  1.024  1.000
  121  1.210  0.024  0.000  1.564  2.799  1.000  1.034  1.000
  122  1.220  0.024  0.000  1.584  2.828  1.000  1.044  1.000
  123  1.230  0.025  0.000  1.603  2.858  1.000  1.055  1.000
  124  1.240  0.025  0.000  1.622  2.887  1.000  1.065  1.000
  125  1.250  0.025  0.000  1.642  2.917  1.000  1.075  1.000
  126  1.260  0.025  0.000  1.661  2.947  1.000  1.085  1.000
  127  1.270  0.025  0.000  1.681  2.976  1.000  1.095  1.000
  128  1.280  0.026  0.000  1.701  3.006  1.000  1.106  1.000
  129  1.290  0.026  0.000  1.720  3.036  1.000  1.116  1.000
  130  1.300  0.026  0.000  1.740  3.066  1.000  1.126  1.000
  131  1.310  0.026  0.000  1.760  3.096  1.000  1.136  1.000
  132  1.320  0.026  0.000  1.779  3.126  1.000  1.146  1.000
  133  1.330  0.027  0.000  1.799  3.156  1.000  1.157  1.000
  134  1.340  0.027  0.000  1.819  3.186  1.000  1.167  1.000
  135  1.350  0.027  0.000  1.839  3.216  1.000  1.177  1.000
  136  1.360  0.027  0.000  1.859  3.246  1.000  1.187  1.000
  137  1.370  0.027  0.000  1.879  3.276  1.000  1.197  1.000
  138  1.380  0.028  0.000  1.899  3.306  1.000  1.208  1.000
  139  1.390  0.028  0.000  1.919  3.337  1.000  1.218  1.000
  140  1.400  0.028  0.000  1.939  3.367  1.000  1.228  1.000
  141  1.410  0.028  0.000  1.959  3.397  1.000  1.238  1.000
  142  1.420  0.028  0.000  1.979  3.428  1.000  1.248  1.000
  143  1.430  0.029  0.000  2.000  3.458  1.000  1.259  1.000
  144  1.440  0.029  0.000  2.020  3.489  1.000  1.269  1.000
  145  1.450  0.029  0.000  2.040  3.519  1.000  1.279  1.000
  146  1.460  0.029  0.000  2.061  3.550  1.000  1.289  1.000
  147  1.470  0.029  0.000  2.081  3.580  1.000  1.299  1.000
  148  1.480  0.030  0.000  2.101  3.611  1.000  1.310  1.000
  149  1.490  0.030  0.000  2.122  3.642  1.000  1.320  1.000
  150  1.500  0.030  0.000  2.142  3.672  1.000  1.330  1.000
  151  1.510  0.030  0.000  2.163  3.703  1.000  1.340  1.000
  152  1.520  0.030  0.000  2.184  3.734  1.000  1.350  1.000
  153  1.530  0.031  0.000  2.204  3.765  1.000  1.361  1.000
  154  1.540  0.031  0.000  2.225  3.796  1.000  1.371  1.000
  155  1.550  0.031  0.000  2.246  3.827  1.000  1.381  1.000
  156  1.560  0.031  0.000  2.266  3.858  1.000  1.391  1.000
  157  1.570  0.031  0.000  2.287  3.889  1.000  1.401  1.000
  158  1.580  0.032  0.000  2.308  3.920  1.000  1.412  1.000
  159  1.590  0.032  0.000  2.329  3.951  1.000  1.422  1.000
  160  1.600  0.032  0.000  2.350  3.982  1.000  1.432  1.000
  161  1.610  0.032  0.000  2.371  4.013  1.000  1.442  1.000
  162  1.620  0.032  0.000  2.392  4.044  1.000  1.452  1.000
  163  1.630  0.033  0.000  2.413  4.075  1.000  1.463  1.000
  164  1.640  0.033  0.000  2.434  4.107  1.000  1.473  1.000
  165  1.650  0.033  0.000  2.455  4.138  1.000  1.483  1.000
  166  1.660  0.033  0.000  2.476  4.169  1.000  1.493  1.000
  167  1.670  0.033  0.000  2.497  4.200  1.000  1.503  1.000
  168  1.680  0.034  0.000  2.518  4.232  1.000  1.514  1.000
  169  1.690  0.034  0.000  2.540  4.263  1.000  1.524  1.000
  170  1.700  0.034  0.000  2.561  4.295  1.000  1.534  1.000
  171  1.710  0.034  0.000  2.582  4.326  1.000  1.544  1.000
  172  1.720  0.034  0.000  2.603  4.358  1.000  1.554  1.000
  173  1.730  0.035  0.000  2.625  4.389  1.000  1.565  1.000
  174  1.740  0.035  0.000  2.646  4.421  1.000  1.575  1.000
  175  1.750  0.035  0.000  2.668  4.453  1.000  1.585  1.000
  176  1.760  0.035  0.000  2.689  4.484  1.000  1.595  1.000
  177  1.770  0.035  0.000  2.711  4.516  1.000  1.605  1.000
  178  1.780  0.036  0.000  2.732  4.548  1.000  1.616  1.000
  179  1.790  0.036  0.000  2.754  4.580  1.000  1.626  1.000
  180  1.800  0.036  0.000  2.775  4.611  1.000  1.636  1.000
  181  1.810  0.036  0.000  2.797  4.643  1.000  1.646  1.000
  182  1.820  0.036  0.000  2.819  4.675  1.000  1.656  1.000
  183  1.830  0.037  0.000  2.840  4.707  1.000  1.667  1.000
  184  1.840  0.037  0.000  2.862  4.739  1.000  1.677  1.000
  185  1.850  0.037  0.000  2.884  4.771  1.000  1.687  1.000
  186  1.860  0.037  0.000  2.906  4.803  1.000  1.697  1.000
  187  1.870  0.037  0.000  2.928  4.835  1.000  1.707  1.000
  188  1.880  0.038  0.000  2.949  4.867  1.000  1.718  1.000
  189  1.890  0.038  0.000  2.971  4.899  1.000  1.728  1.000
  190  1.900  0.038  0.000  2.993  4.931  1.000  1.738  1.000
  191  1.910  0.038  0.000  3.015  4.963  1.000  1.748  1.000
  192  1.920  0.038  0.000  3.037  4.996  1.000  1.758  1.000
  193  1.930  0.039  0.000  3.059  5.028  1.000  1.769  1.000
  194  1.940  0.039  0.000  3.081  5.060  1.000  1.779  1.000
  195  1.950  0.039  0.000  3.104  5.093  1.000  1.789  1.000
  196  1.960  0.039  0.000  3.126  5.125  1.000  1.799  1.000
  197  1.970  0.039  0.000  3.148  5.157  1.000  1.809  1.000
  198  1.980  0.040  0.000  3.170  5.190  1.000  1.820  1.000
  199  1.990  0.040  0.000  3.192  5.222  1.000  1.830  1.000
  200  2.000  0.040  0.000  3.215  5.255  1.000  1.840  1.000
  201  2.010  0.040  0.000  3.237  5.287  1.000  1.850  1.000
  202  2.020  0.040  0.000  3.259  5.320  1.000  1.860  1.000
  203  2.030  0.041  0.000  3.281  5.352  1.000  1.871  1.000
  204  2.040  0.041  0.000  3.304  5.385  1.000  1.881  1.000
  205  2.050  0.041  0.000  3.326  5.417  1.000  1.891  1.000
  206  2.060  0.041  0.000  3.349  5.450  1.000  1.901  1.000
  207  2.070  0.041  0.000  3.371  5.483  1.000  1.911  1.000
  208  2.080  0.042  0.000  3.394  5.515  1.000  1.922  1.000
  209  2.090  0.042  0.000  3.416  5.548  1.000  1.932  1.000
  210  2.100  0.042  0.000  3.439  5.581  1.000  1.942  1.000
  211  2.110  0.042  0.000  3.461  5.614  1.000  1.952  1.000
  212  2.120  0.042  0.000  3.484  5.646  1.000  1.962  1.000
  213  2.130  0.043  0.000  3.507  5.679  1.000  1.973  1.000
  214  2.140  0.043  0.000  3.529  5.712  1.000  1.983  1.000
  215  2.150  0.043  0.000  3.552  5.745  1.000  1.993  1.000
  216  2.160  0.043  0.000  3.575  5.778  1.000  2.003  1.000
  217  2.170  0.043  0.000  3.598  5.811  1.000  2.013  1.000
  218  2.180  0.044  0.000  3.620  5.844  1.000  2.024  1.000
  219  2.190  0.044  0.000  3.643  5.877  1.000  2.034  1.000
  220  2.200  0.044  0.000  3.666  5.910  1.000  2.044  1.000
  221  2.210  0.044  0.000  3.689  5.943  1.000  2.054  1.000
  222  2.220  0.044  0.000  3.712  5.976  1.000  2.064  1.000
  223  2.230  0.045  0.000  3.735  6.009  1.000  2.075  1.000
  224  2.240  0.045  0.000  3.758  6.042  1.000  2.085  1.000
  225  2.250  0.045  0.000  3.781  6.076  1.000  2.095  1.000
  226  2.260  0.045  0.000  3.804  6.109  1.000  2.105  1.000
  227  2.270  0.045  0.000  3.827  6.142  1.000  2.115  1.000
  228  2.280  0.046  0.000  3.850  6.175  1.000  2.126  1.000
  229  2.290  0.046  0.000  3.873  6.209  1.000  2.136  1.000
  230  2.300  0.046  0.000  3.896  6.242  1.000  2.146  1.000
  231  2.310  0.046  0.000  3.919  6.275  1.000  2.156  1.000
  232  2.320  0.046  0.000  3.942  6.309  1.000  2.166  1.000
  233  2.330  0.047  0.000  3.966  6.342  1.000  2.177  1.000
  234  2.340  0.047  0.000  3.989  6.376  1.000  2.187  1.000
  235  2.350  0.047  0.000  4.012  6.409  1.000  2.197  1.000
  236  2.360  0.047  0.000  4.035  6.443  1.000  2.207  1.000
  237  2.370  0.047  0.000  4.059  6.476  1.000  2.217  1.000
  238  2.380  0.048  0.000  4.082  6.510  1.000  2.228  1.000
  239  2.390  0.048  0.000  4.106  6.543  1.000  2.238  1.000
  240  2.400  0.048  0.000  4.129  6.577  1.000  2.248  1.000
  241  2.410  0.048  0.000  4.152  6.611  1.000  2.258  1.000
  242  2.420  0.048  0.000  4.176  6.644  1.000  2.268  1.000
  243  2.430  0.049  0.000  4.199  6.678  1.000  2.279  1.000
  244  2.440  0.049  0.000  4.223  6.712  1.000  2.289  1.000
  245  2.450  0.049  0.000  4.246  6.745  1.000  2.299  1.000
  246  2.460  0.049  0.000  4.270  6.779  1.000  2.309  1.000
  247  2.470  0.049  0.000  4.293  6.813  1.000  2.319  1.000
  248  2.480  0.050  0.000  4.317  6.847  1.000  2.330  1.000
  249  2.490  0.050  0.000  4.341  6.881  1.000  2.340  1.000
  250  2.500  0.050  0.000  4.364  6.914  1.000  2.350  1.000
  251  2.510  0.050  0.000  4.388  6.948  1.000  2.360  1.000
  252  2.520  0.050  0.000  4.412  6.982  1.000  2.370  1.000
  253  2.530  0.051  0.000  4.436  7.016  1.000  2.381  1.000
  254  2.540  0.051  0.000  4.459  7.050  1.000  2.391  1.000
  255  2.550  0.051  0.000  4.483  7.084  1.000  2.401  1.000
  256  2.560  0.051  0.000  4.507  7.118  1.000  2.411  1.000
  257  2.570  0.051  0.000  4.531  7.152  1.000  2.421  1.000
  258  2.580  0.052  0.000  4.555  7.186  1.000  2.432  1.000
  259  2.590  0.052  0.000  4.579  7.220  1.000  2.442  1.000
  260  2.600  0.052  0.000  4.602  7.254  1.000  2.452  1.000
  261  2.610  0.052  0.000  4.626  7.289  1.000  2.462  1.000
  262  2.620  0.052  0.000  4.650  7.323  1.000  2.472  1.000
  263  2.630  0.053  0.000  4.674  7.357  1.000  2.483  1.000
  264  2.640  0.053  0.000  4.698  7.391  1.000  2.493  1.000
  265  2.650  0.053  0.000  4.722  7.425  1.000  2.503  1.000
  266  2.660  0.053  0.000  4.747  7.460  1.000  2.513  1.000
  267  2.670  0.053  0.000  4.771  7.494  1.000  2.523  1.000
  268  2.680  0.054  0.000  4.795  7.528  1.000  2.534  1.000
  269  2.690  0.054  0.000  4.819  7.563  1.000  2.544  1.000
  270  2.700  0.054  0.000  4.843  7.597  1.000  2.554  1.000
  271  2.710  0.054  0.000  4.867  7.631  1.000  2.564  1.000
  272  2.720  0.054  0.000  4.891  7.666  1.000  2.574  1.000
  273  2.730  0.055  0.000  4.916  7.700  1.000  2.585  1.000
  274  2.740  0.055  0.000  4.940  7.735  1.000  2.595  1.000
  275  2.750  0.055  0.000  4.964  7.769  1.000  2.605  1.000
  276  2.760  0.055  0.000  4.989  7.804  1.000  2.615  1.000
  277  2.770  0.055  0.000  5.013  7.838  1.000  2.625  1.000
  278  2.780  0.056  0.000  5.037  7.873  1.000  2.636  1.000
  279  2.790  0.056  0.000  5.062  7.907  1.000  2.646  1.000
  280  2.800  0.056  0.000  5.086  7.942  1.000  2.656  1.000
  281  2.810  0.056  0.000  5.110  7.977  1.000  2.666  1.000
  282  2.820  0.056  0.000  5.135  8.011  1.000  2.676  1.000
  283  2.830  0.057  0.000  5.159  8.046  1.000  2.687  1.000
  284  2.840  0.057  0.000  5.184  8.081  1.000  2.697  1.000
  285  2.850  0.057  0.000  5.208  8.115  1.000  2.707  1.000
  286  2.860  0.057  0.000  5.233  8.150  1.000  2.717  1.000
  287  2.870  0.057  0.000  5.257  8.185  1.000  2.727  1.000
  288  2.880  0.058  0.000  5.282  8.220  1.000  2.738  1.000
  289  2.890  0.058  0.000  5.307  8.254  1.000  2.748  1.000
  290  2.900  0.058  0.000  5.331  8.289  1.000  2.758  1.000
  291  2.910  0.058  0.000  5.356  8.324  1.000  2.768  1.000
  292  2.920  0.058  0.000  5.381  8.359  1.000  2.778  1.000
  293  2.930  0.059  0.000  5.405  8.394  1.000  2.789  1.000
  294  2.940  0.059  0.000  5.430  8.429  1.000  2.799  1.000
  295  2.950  0.059  0.000  5.455  8.464  1.000  2.809  1.000
  296  2.960  0.059  0.000  5.480  8.499  1.000  2.819  1.000
  297  2.970  0.059  0.000  5.504  8.534  1.000  2.829  1.000
  298  2.980  0.060  0.000  5.529  8.569  1.000  2.840  1.000
  299  2.990  0.060  0.000  5.554  8.604  1.000  2.850  1.000
  300  3.000  0.060  0.000  5.579  8.639  1.000  2.860  1.000
  301  3.010  0.060  0.000  5.604  8.674  1.000  2.870  1.000
  302  3.020  0.060  0.000  5.629  8.709  1.000  2.880  1.000
  303  3.030  0.061  0.000  5.654  8.744  1.000  2.891  1.000
  304  3.040  0.061  0.000  5.679  8.779  1.000  2.901  1.000
  305  3.050  0.061  0.000  5.704  8.815  1.000  2.911  1.000
  306  3.060  0.061  0.000  5.729  8.850  1.000  2.921  1.000
  307  3.070  0.061  0.000  5.754  8.885  1.000  2.931  1.000
  308  3.080  0.062  0.000  5.779  8.920  1.000  2.942  1.000
  309  3.090  0.062  0.000  5.804  8.955  1.000  2.952  1.000
  310  3.100  0.062  0.000  5.829  8.991  1.000  2.962  1.000
  311  3.110  0.062  0.000  5.854  9.026  1.000  2.972  1.000
  312  3.120  0.062  0.000  5.879  9.061  1.000  2.982  1.000
  313  3.130  0.063  0.000  5.904  9.097  1.000  2.993  1.000
  314  3.140  0.063  0.000  5.929  9.132  1.000  3.003  1.000
  315  3.150  0.063  0.000  5.954  9.167  1.000  3.013  1.000
  316  3.160  0.063  0.000  5.980  9.203  1.000  3.023  1.000
  317  3.170  0.063  0.000  6.005  9.238  1.000  3.033  1.000
  318  3.180  0.064  0.000  6.030  9.274  1.000  3.044  1.000
  319  3.190  0.064  0.000  6.055  9.309  1.000  3.054  1.000
  320  3.200  0.064  0.000  6.081  9.345  1.000  3.064  1.000
  321  3.210  0.064  0.000  6.106  9.380  1.000  3.074  1.000
  322  3.220  0.064  0.000  6.131  9.416  1.000  3.084  1.000
  323  3.230  0.065  0.000  6.157  9.451  1.000  3.095  1.000
  324  3.240  0.065  0.000  6.182  9.487  1.000  3.105  1.000
  325  3.250  0.065  0.000  6.207  9.522  1.000  3.115  1.000
  326  3.260  0.065  0.000  6.233  9.558  1.000  3.125  1.000
  327  3.270  0.065  0.000  6.258  9.594  1.000  3.135  1.000
  328  3.280  0.066  0.000  6.284  9.629  1.000  3.146  1.000
  329  3.290  0.066  0.000  6.309  9.665  1.000  3.156  1.000
  330  3.300  0.066  0.000  6.335  9.701  1.000  3.166  1.000
  331  3.310  0.066  0.000  6.360  9.736  1.000  3.176  1.000
  332  3.320  0.066  0.000  6.386  9.772  1.000  3.186  1.000
  333  3.330  0.067  0.000  6.411  9.808  1.000  3.197  1.000
  334  3.340  0.067  0.000  6.437  9.844  1.000  3.207  1.000
  335  3.350  0.067  0.000  6.463  9.880  1.000  3.217  1.000
  336  3.360  0.067  0.000  6.488  9.915  1.000  3.227  1.000
  337  3.370  0.067  0.000  6.514  9.951  1.000  3.237  1.000
  338  3.380  0.068  0.000  6.539  9.987  1.000  3.248  1.000
  339  3.390  0.068  0.000  6.565 10.023  1.000  3.258  1.000
  340  3.400  0.068  0.000  6.591 10.059  1.000  3.268  1.000
  341  3.410  0.068  0.000  6.617 10.095  1.000  3.278  1.000
  342  3.420  0.068  0.000  6.642 10.131  1.000  3.288  1.000
  343  3.430  0.069  0.000  6.668 10.167  1.000  3.299  1.000
  344  3.440  0.069  0.000  6.694 10.203  1.000  3.309  1.000
  345  3.450  0.069  0.000  6.720 10.239  1.000  3.319  1.000
  346  3.460  0.069  0.000  6.746 10.275  1.000  3.329  1.000
  347  3.470  0.069  0.000  6.771 10.311  1.000  3.339  1.000
  348  3.480  0.070  0.000  6.797 10.347  1.000  3.350  1.000
  349  3.490  0.070  0.000  6.823 10.383  1.000  3.360  1.000
  350  3.500  0.070  0.000  6.849 10.419  1.000  3.370  1.000
  351  3.510  0.070  0.000  6.875 10.455  1.000  3.380  1.000
  352  3.520  0.070  0.000  6.901 10.491  1.000  3.390  1.000
  353  3.530  0.071  0.000  6.927 10.527  1.000  3.401  1.000
  354  3.540  0.071  0.000  6.953 10.564  1.000  3.411  1.000
  355  3.550  0.071  0.000  6.979 10.600  1.000  3.421  1.000
  356  3.560  0.071  0.000  7.005 10.636  1.000  3.431  1.000
  357  3.570  0.071  0.000  7.031 10.672  1.000  3.441  1.000
  358  3.580  0.072  0.000  7.057 10.709  1.000  3.452  1.000
  359  3.590  0.072  0.000  7.083 10.745  1.000  3.462  1.000
  360  3.600  0.072  0.000  7.109 10.781  1.000  3.472  1.000
  361  3.610  0.072  0.000  7.135 10.817  1.000  3.482  1.000
  362  3.620  0.072  0.000  7.161 10.854  1.000  3.492  1.000
  363  3.630  0.073  0.000  7.187 10.890  1.000  3.502  1.000
  364  3.640  0.073  0.000  7.213 10.926  1.000  3.513  1.000
  365  3.650  0.073  0.000  7.240 10.963  1.000  3.523  1.000
  366  3.660  0.073  0.000  7.266 10.999  1.000  3.533  1.000
  367  3.670  0.073  0.000  7.292 11.035  1.000  3.543  1.000
  368  3.680  0.074  0.000  7.318 11.072  1.000  3.553  1.000
  369  3.690  0.074  0.000  7.345 11.108  1.000  3.564  1.000
  370  3.700  0.074  0.000  7.371 11.145  1.000  3.574  1.000
  371  3.710  0.074  0.000  7.397 11.181  1.000  3.584  1.000
  372  3.720  0.074  0.000  7.423 11.218  1.000  3.594  1.000
  373  3.730  0.075  0.000  7.450 11.254  1.000  3.604  1.000
  374  3.740  0.075  0.000  7.476 11.291  1.000  3.615  1.000
  375  3.750  0.075  0.000  7.503 11.328  1.000  3.625  1.000
  376  3.760  0.075  0.000  7.529 11.364  1.000  3.635  1.000
  377  3.770  0.075  0.000  7.555 11.401  1.000  3.645  1.000
  378  3.780  0.076  0.000  7.582 11.437  1.000  3.655  1.000
  379  3.790  0.076  0.000  7.608 11.474  1.000  3.666  1.000
  380  3.800  0.076  0.000  7.635 11.511  1.000  3.676  1.000
  381  3.810  0.076  0.000  7.661 11.547  1.000  3.686  1.000
  382  3.820  0.076  0.000  7.688 11.584  1.000  3.696  1.000
  383  3.830  0.077  0.000  7.714 11.621  1.000  3.706  1.000
  384  3.840  0.077  0.000  7.741 11.658  1.000  3.717  1.000
  385  3.850  0.077  0.000  7.767 11.694  1.000  3.727  1.000
  386  3.860  0.077  0.000  7.794 11.731  1.000  3.737  1.000
  387  3.870  0.077  0.000  7.821 11.768  1.000  3.747  1.000
  388  3.880  0.078  0.000  7.847 11.805  1.000  3.757  1.000
  389  3.890  0.078  0.000  7.874 11.842  1.000  3.768  1.000
  390  3.900  0.078  0.000  7.900 11.878  1.000  3.778  1.000
  391  3.910  0.078  0.000  7.927 11.915  1.000  3.788  1.000
  392  3.920  0.078  0.000  7.954 11.952  1.000  3.798  1.000
  393  3.930  0.079  0.000  7.981 11.989  1.000  3.808  1.000
  394  3.940  0.079  0.000  8.007 12.026  1.000  3.819  1.000
  395  3.950  0.079  0.000  8.034 12.063  1.000  3.829  1.000
  396  3.960  0.079  0.000  8.061 12.100  1.000  3.839  1.000
  397  3.970  0.079  0.000  8.088 12.137  1.000  3.849  1.000
  398  3.980  0.080  0.000  8.114 12.174  1.000  3.859  1.000
  399  3.990  0.080  0.000  8.141 12.211  1.000  3.870  1.000
  400  4.000  0.080  0.000  8.168 12.248  1.000  3.880  1.000
  401  4.010  0.080  0.000  8.195 12.285  1.000  3.890  1.000
  402  4.020  0.080  0.000  8.222 12.322  1.000  3.900  1.000
  403  4.030  0.081  0.000  8.249 12.359  1.000  3.910  1.000
  404  4.040  0.081  0.000  8.276 12.396  1.000  3.921  1.000
  405  4.050  0.081  0.000  8.302 12.433  1.000  3.931  1.000
  406  4.060  0.081  0.000  8.329 12.471  1.000  3.941  1.000
  407  4.070  0.081  0.000  8.356 12.508  1.000  3.951  1.000
  408  4.080  0.082  0.000  8.383 12.545  1.000  3.961  1.000
  409  4.090  0.082  0.000  8.410 12.582  1.000  3.972  1.000
  410  4.100  0.082  0.000  8.437 12.619  1.000  3.982  1.000
  411  4.110  0.082  0.000  8.464 12.657  1.000  3.992  1.000
  412  4.120  0.082  0.000  8.491 12.694  1.000  4.002  1.000
  413  4.130  0.083  0.000  8.518 12.731  1.000  4.012  1.000
  414  4.140  0.083  0.000  8.545 12.768  1.000  4.023  1.000
  415  4.150  0.083  0.000  8.573 12.806  1.000  4.033  1.000
  416  4.160  0.083  0.000  8.600 12.843  1.000  4.043  1.000
  417  4.170  0.083  0.000  8.627 12.880  1.000  4.053  1.000
  418  4.180  0.084  0.000  8.654 12.918  1.000  4.063  1.000
  419  4.190  0.084  0.000  8.681 12.955  1.000  4.074  1.000
  420  4.200  0.084  0.000  8.708 12.992  1.000  4.084  1.000
  421  4.210  0.084  0.000  8.736 13.030  1.000  4.094  1.000
  422  4.220  0.084  0.000  8.763 13.067  1.000  4.104  1.000
  423  4.230  0.085  0.000  8.790 13.105  1.000  4.114  1.000
  424  4.240  0.085  0.000  8.817 13.142  1.000  4.125  1.000
  425  4.250  0.085  0.000  8.844 13.179  1.000  4.135  1.000
  426  4.260  0.085  0.000  8.872 13.217  1.000  4.145  1.000
  427  4.270  0.085  0.000  8.899 13.254  1.000  4.155  1.000
  428  4.280  0.086  0.000  8.926 13.292  1.000  4.165  1.000
  429  4.290  0.086  0.000  8.954 13.329  1.000  4.176  1.000
  430  4.300  0.086  0.000  8.981 13.367  1.000  4.186  1.000
  431  4.310  0.086  0.000  9.008 13.405  1.000  4.196  1.000
  432  4.320  0.086  0.000  9.036 13.442  1.000  4.206  1.000
  433  4.330  0.087  0.000  9.063 13.480  1.000  4.216  1.000
  434  4.340  0.087  0.000  9.091 13.517  1.000  4.227  1.000
  435  4.350  0.087  0.000  9.118 13.555  1.000  4.237  1.000
  436  4.360  0.087  0.000  9.145 13.593  1.000  4.247  1.000
  437  4.370  0.087  0.000  9.173 13.630  1.000  4.257  1.000
  438  4.380  0.088  0.000  9.200 13.668  1.000  4.267  1.000
  439  4.390  0.088  0.000  9.228 13.706  1.000  4.278  1.000
  440  4.400  0.088  0.000  9.255 13.743  1.000  4.288  1.000
  441  4.410  0.088  0.000  9.283 13.781  1.000  4.298  1.000
  442  4.420  0.088  0.000  9.310 13.819  1.000  4.308  1.000
  443  4.430  0.089  0.000  9.338 13.857  1.000  4.318  1.000
  444  4.440  0.089  0.000  9.366 13.894  1.000  4.329  1.000
  445  4.450  0.089  0.000  9.393 13.932  1.000  4.339  1.000
  446  4.460  0.089  0.000  9.421 13.970  1.000  4.349  1.000
  447  4.470  0.089  0.000  9.448 14.008  1.000  4.359  1.000
  448  4.480  0.090  0.000  9.476 14.046  1.000  4.369  1.000
  449  4.490  0.090  0.000  9.504 14.084  1.000  4.380  1.000
  450  4.500  0.090  0.000  9.531 14.121  1.000  4.390  1.000
  451  4.510  0.090  0.000  9.559 14.159  1.000  4.400  1.000
  452  4.520  0.090  0.000  9.587 14.197  1.000  4.410  1.000
  453  4.530  0.091  0.000  9.615 14.235  1.000  4.420  1.000
  454  4.540  0.091  0.000  9.642 14.273  1.000  4.431  1.000
  455  4.550  0.091  0.000  9.670 14.311  1.000  4.441  1.000
  456  4.560  0.091  0.000  9.698 14.349  1.000  4.451  1.000
  457  4.570  0.091  0.000  9.726 14.387  1.000  4.461  1.000
  458  4.580  0.092  0.000  9.753 14.425  1.000  4.471  1.000
  459  4.590  0.092  0.000  9.781 14.463  1.000  4.482  1.000
  460  4.600  0.092  0.000  9.809 14.501  1.000  4.492  1.000
  461  4.610  0.092  0.000  9.837 14.539  1.000  4.502  1.000
  462  4.620  0.092  0.000  9.865 14.577  1.000  4.512  1.000
  463  4.630  0.093  0.000  9.893 14.615  1.000  4.522  1.000
  464  4.640  0.093  0.000  9.921 14.653  1.000  4.533  1.000
  465  4.650  0.093  0.000  9.948 14.691  1.000  4.543  1.000
  466  4.660  0.093  0.000  9.976 14.730  1.000  4.553  1.000
  467  4.670  0.093  0.000 10.004 14.768  1.000  4.563  1.000
  468  4.680  0.094  0.000 10.032 14.806  1.000  4.573  1.000
  469  4.690  0.094  0.000 10.060 14.844  1.000  4.584  1.000
  470  4.700  0.094  0.000 10.088 14.882  1.000  4.594  1.000
  471  4.710  0.094  0.000 10.116 14.920  1.000  4.604  1.000
  472  4.720  0.094  0.000 10.144 14.959  1.000  4.614  1.000
  473  4.730  0.095  0.000 10.172 14.997  1.000  4.624  1.000
  474  4.740  0.095  0.000 10.200 15.035  1.000  4.635  1.000
  475  4.750  0.095  0.000 10.228 15.073  1.000  4.645  1.000
  476  4.760  0.095  0.000 10.257 15.112  1.000  4.655  1.000
  477  4.770  0.095  0.000 10.285 15.150  1.000  4.665  1.000
  478  4.780  0.096  0.000 10.313 15.188  1.000  4.675  1.000
  479  4.790  0.096  0.000 10.341 15.227  1.000  4.686  1.000
  480  4.800  0.096  0.000 10.369 15.265  1.000  4.696  1.000
  481  4.810  0.096  0.000 10.397 15.303  1.000  4.706  1.000
  482  4.820  0.096  0.000 10.425 15.342  1.000  4.716  1.000
  483  4.830  0.097  0.000 10.454 15.380  1.000  4.726  1.000
  484  4.840  0.097  0.000 10.482 15.419  1.000  4.737  1.000
  485  4.850  0.097  0.000 10.510 15.457  1.000  4.747  1.000
  486  4.860  0.097  0.000 10.538 15.495  1.000  4.757  1.000
  487  4.870  0.097  0.000 10.566 15.534  1.000  4.767  1.000
  488  4.880  0.098  0.000 10.595 15.572  1.000  4.777  1.000
  489  4.890  0.098  0.000 10.623 15.611  1.000  4.788  1.000
  490  4.900  0.098  0.000 10.651 15.649  1.000  4.798  1.000
  491  4.910  0.098  0.000 10.680 15.688  1.000  4.808  1.000
  492  4.920  0.098  0.000 10.708 15.726  1.000  4.818  1.000
  493  4.930  0.099  0.000 10.736 15.765  1.000  4.828  1.000
  494  4.940  0.099  0.000 10.765 15.803  1.000  4.839  1.000
  495  4.950  0.099  0.000 10.793 15.842  1.000  4.849  1.000
  496  4.960  0.099  0.000 10.821 15.881  1.000  4.859  1.000
  497  4.970  0.099  0.000 10.850 15.919  1.000  4.869  1.000
  498  4.980  0.100  0.000 10.878 15.958  1.000  4.879  1.000
  499  4.990  0.100  0.000 10.907 15.996  1.000  4.890  1.000
  500  5.000  0.100  0.000 10.935 16.035  1.000  4.900  1.000
  501  5.010  0.100  0.000 10.964 16.074  1.000  4.910  1.000
  502  5.020  0.100  0.000 10.992 16.112  1.000  4.920  1.000
  503  5.030  0.101  0.000 11.021 16.151  1.000  4.930  1.000
  504  5.040  0.101  0.000 11.049 16.190  1.000  4.941  1.000
  505  5.050  0.101  0.000 11.078 16.229  1.000  4.951  1.000
  506  5.060  0.101  0.000 11.106 16.267  1.000  4.961  1.000
  507  5.070  0.101  0.000 11.135 16.306  1.000  4.971  1.000
  508  5.080  0.102  0.000 11.163 16.345  1.000  4.981  1.000
  509  5.090  0.102  0.000 11.192 16.384  1.000  4.992  1.000
  510  5.100  0.102  0.000 11.220 16.422  1.000  5.002  1.000
  511  5.110  0.102  0.000 11.249 16.461  1.000  5.012  1.000
  512  5.120  0.102  0.000 11.278 16.500  1.000  5.022  1.000
  513  5.130  0.103  0.000 11.306 16.539  1.000  5.032  1.000
  514  5.140  0.103  0.000 11.335 16.578  1.000  5.043  1.000
  515  5.150  0.103  0.000 11.364 16.617  1.000  5.053  1.000
  516  5.160  0.103  0.000 11.392 16.655  1.000  5.063  1.000
  517  5.170  0.103  0.000 11.421 16.694  1.000  5.073  1.000
  518  5.180  0.104  0.000 11.450 16.733  1.000  5.083  1.000
  519  5.190  0.104  0.000 11.478 16.772  1.000  5.094  1.000
  520  5.200  0.104  0.000 11.507 16.811  1.000  5.104  1.000
  521  5.210  0.104  0.000 11.536 16.850  1.000  5.114  1.000
  522  5.220  0.104  0.000 11.565 16.889  1.000  5.124  1.000
  523  5.230  0.105  0.000 11.593 16.928  1.000  5.134  1.000
  524  5.240  0.105  0.000 11.622 16.967  1.000  5.145  1.000
  525  5.250  0.105  0.000 11.651 17.006  1.000  5.155  1.000
  526  5.260  0.105  0.000 11.680 17.045  1.000  5.165  1.000
  527  5.270  0.105  0.000 11.709 17.084  1.000  5.175  1.000
  528  5.280  0.106  0.000 11.738 17.123  1.000  5.185  1.000
  529  5.290  0.106  0.000 11.766 17.162  1.000  5.196  1.000
  530  5.300  0.106  0.000 11.795 17.201  1.000  5.206  1.000
  531  5.310  0.106  0.000 11.824 17.240  1.000  5.216  1.000
  532  5.320  0.106  0.000 11.853 17.280  1.000  5.226  1.000
  533  5.330  0.107  0.000 11.882 17.319  1.000  5.236  1.000
  534  5.340  0.107  0.000 11.911 17.358  1.000  5.247  1.000
  535  5.350  0.107  0.000 11.940 17.397  1.000  5.257  1.000
  536  5.360  0.107  0.000 11.969 17.436  1.000  5.267  1.000
  537  5.370  0.107  0.000 11.998 17.475  1.000  5.277  1.000
  538  5.380  0.108  0.000 12.027 17.514  1.000  5.287  1.000
  539  5.390  0.108  0.000 12.056 17.554  1.000  5.298  1.000
  540  5.400  0.108  0.000 12.085 17.593  1.000  5.308  1.000
  541  5.410  0.108  0.000 12.114 17.632  1.000  5.318  1.000
  542  5.420  0.108  0.000 12.143 17.671  1.000  5.328  1.000
  543  5.430  0.109  0.000 12.172 17.711  1.000  5.338  1.000
  544  5.440  0.109  0.000 12.201 17.750  1.000  5.349  1.000
  545  5.450  0.109  0.000 12.230 17.789  1.000  5.359  1.000
  546  5.460  0.109  0.000 12.259 17.829  1.000  5.369  1.000
  547  5.470  0.109  0.000 12.288 17.868  1.000  5.379  1.000
  548  5.480  0.110  0.000 12.318 17.907  1.000  5.389  1.000
  549  5.490  0.110  0.000 12.347 17.947  1.000  5.400  1.000
  550  5.500  0.110  0.000 12.376 17.986  1.000  5.410  1.000
  551  5.510  0.110  0.000 12.405 18.025  1.000  5.420  1.000
  552  5.520  0.110  0.000 12.434 18.065  1.000  5.430  1.000
  553  5.530  0.111  0.000 12.463 18.104  1.000  5.440  1.000
  554  5.540  0.111  0.000 12.493 18.143  1.000  5.451  1.000
  555  5.550  0.111  0.000 12.522 18.183  1.000  5.461  1.000
  556  5.560  0.111  0.000 12.551 18.222  1.000  5.471  1.000
  557  5.570  0.111  0.000 12.580 18.262  1.000  5.481  1.000
  558  5.580  0.112  0.000 12.610 18.301  1.000  5.491  1.000
  559  5.590  0.112  0.000 12.639 18.341  1.000  5.502  1.000
  560  5.600  0.112  0.000 12.668 18.380  1.000  5.512  1.000
  561  5.610  0.112  0.000 12.698 18.420  1.000  5.522  1.000
  562  5.620  0.112  0.000 12.727 18.459  1.000  5.532  1.000
  563  5.630  0.113  0.000 12.756 18.499  1.000  5.542  1.000
  564  5.640  0.113  0.000 12.786 18.538  1.000  5.553  1.000
  565  5.650  0.113  0.000 12.815 18.578  1.000  5.563  1.000
  566  5.660  0.113  0.000 12.844 18.618  1.000  5.573  1.000
  567  5.670  0.113  0.000 12.874 18.657  1.000  5.583  1.000
  568  5.680  0.114  0.000 12.903 18.697  1.000  5.593  1.000
  569  5.690  0.114  0.000 12.933 18.736  1.000  5.604  1.000
  570  5.700  0.114  0.000 12.962 18.776  1.000  5.614  1.000
  571  5.710  0.114  0.000 12.991 18.816  1.000  5.624  1.000
  572  5.720  0.114  0.000 13.021 18.855  1.000  5.634  1.000
  573  5.730  0.115  0.000 13.050 18.895  1.000  5.644  1.000
  574  5.740  0.115  0.000 13.080 18.935  1.000  5.655  1.000
  575  5.750  0.115  0.000 13.109 18.974  1.000  5.665  1.000
  576  5.760  0.115  0.000 13.139 19.014  1.000  5.675  1.000
  577  5.770  0.115  0.000 13.168 19.054  1.000  5.685  1.000
  578  5.780  0.116  0.000 13.198 19.094  1.000  5.695  1.000
  579  5.790  0.116  0.000 13.227 19.133  1.000  5.706  1.000
  580  5.800  0.116  0.000 13.257 19.173  1.000  5.716  1.000
  581  5.810  0.116  0.000 13.287 19.213  1.000  5.726  1.000
  582  5.820  0.116  0.000 13.316 19.253  1.000  5.736  1.000
  583  5.830  0.117  0.000 13.346 19.292  1.000  5.746  1.000
  584  5.840  0.117  0.000 13.375 19.332  1.000  5.757  1.000
  585  5.850  0.117  0.000 13.405 19.372  1.000  5.767  1.000
  586  5.860  0.117  0.000 13.435 19.412  1.000  5.777  1.000
  587  5.870  0.117  0.000 13.464 19.452  1.000  5.787  1.000
  588  5.880  0.118  0.000 13.494 19.492  1.000  5.797  1.000
  589  5.890  0.118  0.000 13.524 19.532  1.000  5.808  1.000
  590  5.900  0.118  0.000 13.553 19.571  1.000  5.818  1.000
  591  5.910  0.118  0.000 13.583 19.611  1.000  5.828  1.000
  592  5.920  0.118  0.000 13.613 19.651  1.000  5.838  1.000
  593  5.930  0.119  0.000 13.643 19.691  1.000  5.848  1.000
  594  5.940  0.119  0.000 13.672 19.731  1.000  5.859  1.000
  595  5.950  0.119  0.000 13.702 19.771  1.000  5.869  1.000
  596  5.960  0.119  0.000 13.732 19.811  1.000  5.879  1.000
  597  5.970  0.119  0.000 13.762 19.851  1.000  5.889  1.000
  598  5.980  0.120  0.000 13.791 19.891  1.000  5.899  1.000
  599  5.990  0.120  0.000 13.821 19.931  1.000  5.910  1.000
  600  6.000  0.120  0.000 13.851 19.971  1.000  5.920  1.000
  601  6.010  0.120  0.000 13.881 20.011  1.000  5.930  1.000
  602  6.020  0.120  0.000 13.911 20.051  1.000  5.940  1.000
  603  6.030  0.121  0.000 13.941 20.091  1.000  5.950  1.000
  604  6.040  0.121  0.000 13.971 20.131  1.000  5.961  1.000
  605  6.050  0.121  0.000 14.000 20.171  1.000  5.971  1.000
  606  6.060  0.121  0.000 14.030 20.211  1.000  5.981  1.000
  607  6.070  0.121  0.000 14.060 20.252  1.000  5.991  1.000
  608  6.080  0.122  0.000 14.090 20.292  1.000  6.001  1.000
  609  6.090  0.122  0.000 14.120 20.332  1.000  6.012  1.000
  610  6.100  0.122  0.000 14.150 20.372  1.000  6.022  1.000
  611  6.110  0.122  0.000 14.180 20.412  1.000  6.032  1.000
  612  6.120  0.122  0.000 14.210 20.452  1.000  6.042  1.000
  613  6.130  0.123  0.000 14.240 20.493  1.000  6.052  1.000
  614  6.140  0.123  0.000 14.270 20.533  1.000  6.063  1.000
  615  6.150  0.123  0.000 14.300 20.573  1.000  6.073  1.000
  616  6.160  0.123  0.000 14.330 20.613  1.000  6.083  1.000
  617  6.170  0.123  0.000 14.360 20.653  1.000  6.093  1.000
  618  6.180  0.124  0.000 14.390 20.694  1.000  6.103  1.000
  619  6.190  0.124  0.000 14.420 20.734  1.000  6.114  1.000
  620  6.200  0.124  0.000 14.450 20.774  1.000  6.124  1.000
  621  6.210  0.124  0.000 14.480 20.815  1.000  6.134  1.000
  622  6.220  0.124  0.000 14.510 20.855  1.000  6.144  1.000
  623  6.230  0.125  0.000 14.541 20.895  1.000  6.154  1.000
  624  6.240  0.125  0.000 14.571 20.936  1.000  6.165  1.000
  625  6.250  0.125  0.000 14.601 20.976  1.000  6.175  1.000
  626  6.260  0.125  0.000 14.631 21.016  1.000  6.185  1.000
  627  6.270  0.125  0.000 14.661 21.057  1.000  6.195  1.000
  628  6.280  0.126  0.000 14.691 21.097  1.000  6.205  1.000
  629  6.290  0.126  0.000 14.722 21.137  1.000  6.216  1.000
  630  6.300  0.126  0.000 14.752 21.178  1.000  6.226  1.000
  631  6.310  0.126  0.000 14.782 21.218  1.000  6.236  1.000
  632  6.320  0.126  0.000 14.812 21.259  1.000  6.246  1.000
  633  6.330  0.127  0.000 14.842 21.299  1.000  6.256  1.000
  634  6.340  0.127  0.000 14.873 21.339  1.000  6.267  1.000
  635  6.350  0.127  0.000 14.903 21.380  1.000  6.277  1.000
  636  6.360  0.127  0.000 14.933 21.420  1.000  6.287  1.000
  637  6.370  0.127  0.000 14.964 21.461  1.000  6.297  1.000
  638  6.380  0.128  0.000 14.994 21.501  1.000  6.307  1.000
  639  6.390  0.128  0.000 15.024 21.542  1.000  6.318  1.000
  640  6.400  0.128  0.000 15.054 21.582  1.000  6.328  1.000
  641  6.410  0.128  0.000 15.085 21.623  1.000  6.338  1.000
  642  6.420  0.128  0.000 15.115 21.664  1.000  6.348  1.000
  643  6.430  0.129  0.000 15.146 21.704  1.000  6.358  1.000
  644  6.440  0.129  0.000 15.176 21.745  1.000  6.369  1.000
  645  6.450  0.129  0.000 15.206 21.785  1.000  6.379  1.000
  646  6.460  0.129  0.000 15.237 21.826  1.000  6.389  1.000
  647  6.470  0.129  0.000 15.267 21.866  1.000  6.399  1.000
  648  6.480  0.130  0.000 15.298 21.907  1.000  6.409  1.000
  649  6.490  0.130  0.000 15.328 21.948  1.000  6.420  1.000
  650  6.500  0.130  0.000 15.358 21.988  1.000  6.430  1.000
  651  6.510  0.130  0.000 15.389 22.029  1.000  6.440  1.000
  652  6.520  0.130  0.000 15.419 22.070  1.000  6.450  1.000
  653  6.530  0.131  0.000 15.450 22.110  1.000  6.460  1.000
  654  6.540  0.131  0.000 15.480 22.151  1.000  6.471  1.000
  655  6.550  0.131  0.000 15.511 22.192  1.000  6.481  1.000
  656  6.560  0.131  0.000 15.541 22.233  1.000  6.491  1.000
  657  6.570  0.131  0.000 15.572 22.273  1.000  6.501  1.000
  658  6.580  0.132  0.000 15.602 22.314  1.000  6.511  1.000
  659  6.590  0.132  0.000 15.633 22.355  1.000  6.522  1.000
  660  6.600  0.132  0.000 15.664 22.396  1.000  6.532  1.000
  661  6.610  0.132  0.000 15.694 22.436  1.000  6.542  1.000
  662  6.620  0.132  0.000 15.725 22.477  1.000  6.552  1.000
  663  6.630  0.133  0.000 15.755 22.518  1.000  6.562  1.000
  664  6.640  0.133  0.000 15.786 22.559  1.000  6.573  1.000
  665  6.650  0.133  0.000 15.817 22.600  1.000  6.583  1.000
  666  6.660  0.133  0.000 15.847 22.640  1.000  6.593  1.000
  667  6.670  0.133  0.000 15.878 22.681  1.000  6.603  1.000
  668  6.680  0.134  0.000 15.909 22.722  1.000  6.613  1.000
  669  6.690  0.134  0.000 15.939 22.763  1.000  6.624  1.000
  670  6.700  0.134  0.000 15.970 22.804  1.000  6.634  1.000
  671  6.710  0.134  0.000 16.001 22.845  1.000  6.644  1.000
  672  6.720  0.134  0.000 16.031 22.886  1.000  6.654  1.000
  673  6.730  0.135  0.000 16.062 22.927  1.000  6.664  1.000
  674  6.740  0.135  0.000 16.093 22.968  1.000  6.675  1.000
  675  6.750  0.135  0.000 16.123 23.008  1.000  6.685  1.000
  676  6.760  0.135  0.000 16.154 23.049  1.000  6.695  1.000
  677  6.770  0.135  0.000 16.185 23.090  1.000  6.705  1.000
  678  6.780  0.136  0.000 16.216 23.131  1.000  6.715  1.000
  679  6.790  0.136  0.000 16.247 23.172  1.000  6.726  1.000
  680  6.800  0.136  0.000 16.277 23.213  1.000  6.736  1.000
  681  6.810  0.136  0.000 16.308 23.254  1.000  6.746  1.000
  682  6.820  0.136  0.000 16.339 23.295  1.000  6.756  1.000
  683  6.830  0.137  0.000 16.370 23.336  1.000  6.766  1.000
  684  6.840  0.137  0.000 16.401 23.378  1.000  6.777  1.000
  685  6.850  0.137  0.000 16.432 23.419  1.000  6.787  1.000
  686  6.860  0.137  0.000 16.462 23.460  1.000  6.797  1.000
  687  6.870  0.137  0.000 16.493 23.501  1.000  6.807  1.000
  688  6.880  0.138  0.000 16.524 23.542  1.000  6.817  1.000
  689  6.890  0.138  0.000 16.555 23.583  1.000  6.828  1.000
  690  6.900  0.138  0.000 16.586 23.624  1.000  6.838  1.000
  691  6.910  0.138  0.000 16.617 23.665  1.000  6.848  1.000
  692  6.920  0.138  0.000 16.648 23.706  1.000  6.858  1.000
  693  6.930  0.139  0.000 16.679 23.748  1.000  6.868  1.000
  694  6.940  0.139  0.000 16.710 23.789  1.000  6.879  1.000
  695  6.950  0.139  0.000 16.741 23.830  1.000  6.889  1.000
  696  6.960  0.139  0.000 16.772 23.871  1.000  6.899  1.000
  697  6.970  0.139  0.000 16.803 23.912  1.000  6.909  1.000
  698  6.980  0.140  0.000 16.834 23.953  1.000  6.919  1.000
  699  6.990  0.140  0.000 16.865 23.995  1.000  6.930  1.000
  700  7.000  0.140  0.000 16.896 24.036  1.000  6.940  1.000
  701  7.010  0.140  0.000 16.927 24.077  1.000  6.950  1.000
  702  7.020  0.140  0.000 16.958 24.118  1.000  6.960  1.000
  703  7.030  0.141  0.000 16.989 24.160  1.000  6.970  1.000
  704  7.040  0.141  0.000 17.020 24.201  1.000  6.981  1.000
  705  7.050  0.141  0.000 17.051 24.242  1.000  6.991  1.000
  706  7.060  0.141  0.000 17.082 24.284  1.000  7.001  1.000
  707  7.070  0.141  0.000 17.114 24.325  1.000  7.011  1.000
  708  7.080  0.142  0.000 17.145 24.366  1.000  7.021  1.000
  709  7.090  0.142  0.000 17.176 24.408  1.000  7.032  1.000
  710  7.100  0.142  0.000 17.207 24.449  1.000  7.042  1.000
  711  7.110  0.142  0.000 17.238 24.490  1.000  7.052  1.000
  712  7.120  0.142  0.000 17.269 24.532  1.000  7.062  1.000
  713  7.130  0.143  0.000 17.300 24.573  1.000  7.072  1.000
  714  7.140  0.143  0.000 17.332 24.614  1.000  7.083  1.000
  715  7.150  0.143  0.000 17.363 24.656  1.000  7.093  1.000
  716  7.160  0.143  0.000 17.394 24.697  1.000  7.103  1.000
  717  7.170  0.143  0.000 17.425 24.739  1.000  7.113  1.000
  718  7.180  0.144  0.000 17.457 24.780  1.000  7.123  1.000
  719  7.190  0.144  0.000 17.488 24.822  1.000  7.134  1.000
  720  7.200  0.144  0.000 17.519 24.863  1.000  7.144  1.000
  721  7.210  0.144  0.000 17.550 24.904  1.000  7.154  1.000
  722  7.220  0.144  0.000 17.582 24.946  1.000  7.164  1.000
  723  7.230  0.145  0.000 17.613 24.987  1.000  7.174  1.000
  724  7.240  0.145  0.000 17.644 25.029  1.000  7.185  1.000
  725  7.250  0.145  0.000 17.675 25.070  1.000  7.195  1.000
  726  7.260  0.145  0.000 17.707 25.112  1.000  7.205  1.000
  727  7.270  0.145  0.000 17.738 25.154  1.000  7.215  1.000
  728  7.280  0.146  0.000 17.770 25.195  1.000  7.225  1.000
  729  7.290  0.146  0.000 17.801 25.237  1.000  7.236  1.000
  730  7.300  0.146  0.000 17.832 25.278  1.000  7.246  1.000
  731  7.310  0.146  0.000 17.864 25.320  1.000  7.256  1.000
  732  7.320  0.146  0.000 17.895 25.361  1.000  7.266  1.000
  733  7.330  0.147  0.000 17.926 25.403  1.000  7.276  1.000
  734  7.340  0.147  0.000 17.958 25.445  1.000  7.287  1.000
  735  7.350  0.147  0.000 17.989 25.486  1.000  7.297  1.000
  736  7.360  0.147  0.000 18.021 25.528  1.000  7.307  1.000
  737  7.370  0.147  0.000 18.052 25.570  1.000  7.317  1.000
  738  7.380  0.148  0.000 18.084 25.611  1.000  7.327  1.000
  739  7.390  0.148  0.000 18.115 25.653  1.000  7.338  1.000
  740  7.400  0.148  0.000 18.147 25.695  1.000  7.348  1.000
  741  7.410  0.148  0.000 18.178 25.736  1.000  7.358  1.000
  742  7.420  0.148  0.000 18.210 25.778  1.000  7.368  1.000
  743  7.430  0.149  0.000 18.241 25.820  1.000  7.378  1.000
  744  7.440  0.149  0.000 18.273 25.861  1.000  7.389  1.000
  745  7.450  0.149  0.000 18.304 25.903  1.000  7.399  1.000
  746  7.460  0.149  0.000 18.336 25.945  1.000  7.409  1.000
  747  7.470  0.149  0.000 18.367 25.987  1.000  7.419  1.000
  748  7.480  0.150  0.000 18.399 26.028  1.000  7.429  1.000
  749  7.490  0.150  0.000 18.430 26.070  1.000  7.440  1.000
  750  7.500  0.150  0.000 18.462 26.112  1.000  7.450  1.000
  751  7.510  0.150  0.000 18.494 26.154  1.000  7.460  1.000
  752  7.520  0.150  0.000 18.525 26.196  1.000  7.470  1.000
  753  7.530  0.151  0.000 18.557 26.237  1.000  7.480  1.000
  754  7.540  0.151  0.000 18.588 26.279  1.000  7.491  1.000
  755  7.550  0.151  0.000 18.620 26.321  1.000  7.501  1.000
  756  7.560  0.151  0.000 18.652 26.363  1.000  7.511  1.000
  757  7.570  0.151  0.000 18.683 26.405  1.000  7.521  1.000
  758  7.580  0.152  0.000 18.715 26.447  1.000  7.531  1.000
  759  7.590  0.152  0.000 18.747 26.489  1.000  7.542  1.000
  760  7.600  0.152  0.000 18.779 26.531  1.000  7.552  1.000
  761  7.610  0.152  0.000 18.810 26.572  1.000  7.562  1.000
  762  7.620  0.152  0.000 18.842 26.614  1.000  7.572  1.000
  763  7.630  0.153  0.000 18.874 26.656  1.000  7.582  1.000
  764  7.640  0.153  0.000 18.905 26.698  1.000  7.593  1.000
  765  7.650  0.153  0.000 18.937 26.740  1.000  7.603  1.000
  766  7.660  0.153  0.000 18.969 26.782  1.000  7.613  1.000
  767  7.670  0.153  0.000 19.001 26.824  1.000  7.623  1.000
  768  7.680  0.154  0.000 19.032 26.866  1.000  7.633  1.000
  769  7.690  0.154  0.000 19.064 26.908  1.000  7.644  1.000
  770  7.700  0.154  0.000 19.096 26.950  1.000  7.654  1.000
  771  7.710  0.154  0.000 19.128 26.992  1.000  7.664  1.000
  772  7.720  0.154  0.000 19.160 27.034  1.000  7.674  1.000
  773  7.730  0.155  0.000 19.192 27.076  1.000  7.684  1.000
  774  7.740  0.155  0.000 19.223 27.118  1.000  7.695  1.000
  775  7.750  0.155  0.000 19.255 27.160  1.000  7.705  1.000
  776  7.760  0.155  0.000 19.287 27.202  1.000  7.715  1.000
  777  7.770  0.155  0.000 19.319 27.244  1.000  7.725  1.000
  778  7.780  0.156  0.000 19.351 27.287  1.000  7.735  1.000
  779  7.790  0.156  0.000 19.383 27.329  1.000  7.746  1.000
  780  7.800  0.156  0.000 19.415 27.371  1.000  7.756  1.000
  781  7.810  0.156  0.000 19.447 27.413  1.000  7.766  1.000
  782  7.820  0.156  0.000 19.479 27.455  1.000  7.776  1.000
  783  7.830  0.157  0.000 19.511 27.497  1.000  7.786  1.000
  784  7.840  0.157  0.000 19.542 27.539  1.000  7.797  1.000
  785  7.850  0.157  0.000 19.574 27.581  1.000  7.807  1.000
  786  7.860  0.157  0.000 19.606 27.624  1.000  7.817  1.000
  787  7.870  0.157  0.000 19.638 27.666  1.000  7.827  1.000
  788  7.880  0.158  0.000 19.670 27.708  1.000  7.837  1.000
  789  7.890  0.158  0.000 19.702 27.750  1.000  7.848  1.000
  790  7.900  0.158  0.000 19.734 27.792  1.000  7.858  1.000
  791  7.910  0.158  0.000 19.766 27.835  1.000  7.868  1.000
  792  7.920  0.158  0.000 19.798 27.877  1.000  7.878  1.000
  793  7.930  0.159  0.000 19.831 27.919  1.000  7.888  1.000
  794  7.940  0.159  0.000 19.863 27.961  1.000  7.899  1.000
  795  7.950  0.159  0.000 19.895 28.004  1.000  7.909  1.000
  796  7.960  0.159  0.000 19.927 28.046  1.000  7.919  1.000
  797  7.970  0.159  0.000 19.959 28.088  1.000  7.929  1.000
  798  7.980  0.160  0.000 19.991 28.130  1.000  7.939  1.000
  799  7.990  0.160  0.000 20.023 28.173  1.000  7.950  1.000
  800  8.000  0.160  0.000 20.055 28.215  1.000  7.960  1.000
  801  8.010  0.160  0.000 20.087 28.257  1.000  7.970  1.000
  802  8.020  0.160  0.000 20.119 28.300  1.000  7.980  1.000
  803  8.030  0.161  0.000 20.152 28.342  1.000  7.990  1.000
  804  8.040  0.161  0.000 20.184 28.384  1.000  8.001  1.000
  805  8.050  0.161  0.000 20.216 28.427  1.000  8.011  1.000
  806  8.060  0.161  0.000 20.248 28.469  1.000  8.021  1.000
  807  8.070  0.161  0.000 20.280 28.512  1.000  8.031  1.000
  808  8.080  0.162  0.000 20.312 28.554  1.000  8.041  1.000
  809  8.090  0.162  0.000 20.345 28.596  1.000  8.052  1.000
  810  8.100  0.162  0.000 20.377 28.639  1.000  8.062  1.000
  811  8.110  0.162  0.000 20.409 28.681  1.000  8.072  1.000
  812  8.120  0.162  0.000 20.441 28.724  1.000  8.082  1.000
  813  8.130  0.163  0.000 20.474 28.766  1.000  8.092  1.000
  814  8.140  0.163  0.000 20.506 28.809  1.000  8.103  1.000
  815  8.150  0.163  0.000 20.538 28.851  1.000  8.113  1.000
  816  8.160  0.163  0.000 20.570 28.894  1.000  8.123  1.000
  817  8.170  0.163  0.000 20.603 28.936  1.000  8.133  1.000
  818  8.180  0.164  0.000 20.635 28.979  1.000  8.143  1.000
  819  8.190  0.164  0.000 20.667 29.021  1.000  8.154  1.000
  820  8.200  0.164  0.000 20.700 29.064  1.000  8.164  1.000
  821  8.210  0.164  0.000 20.732 29.106  1.000  8.174  1.000
  822  8.220  0.164  0.000 20.764 29.149  1.000  8.184  1.000
  823  8.230  0.165  0.000 20.797 29.191  1.000  8.194  1.000
  824  8.240  0.165  0.000 20.829 29.234  1.000  8.205  1.000
  825  8.250  0.165  0.000 20.861 29.276  1.000  8.215  1.000
  826  8.260  0.165  0.000 20.894 29.319  1.000  8.225  1.000
  827  8.270  0.165  0.000 20.926 29.362  1.000  8.235  1.000
  828  8.280  0.166  0.000 20.959 29.404  1.000  8.245  1.000
  829  8.290  0.166  0.000 20.991 29.447  1.000  8.256  1.000
  830  8.300  0.166  0.000 21.023 29.489  1.000  8.266  1.000
  831  8.310  0.166  0.000 21.056 29.532  1.000  8.276  1.000
  832  8.320  0.166  0.000 21.088 29.575  1.000  8.286  1.000
  833  8.330  0.167  0.000 21.121 29.617  1.000  8.296  1.000
  834  8.340  0.167  0.000 21.153 29.660  1.000  8.307  1.000
  835  8.350  0.167  0.000 21.186 29.703  1.000  8.317  1.000
  836  8.360  0.167  0.000 21.218 29.745  1.000  8.327  1.000
  837  8.370  0.167  0.000 21.251 29.788  1.000  8.337  1.000
  838  8.380  0.168  0.000 21.283 29.831  1.000  8.347  1.000
  839  8.390  0.168  0.000 21.316 29.873  1.000  8.358  1.000
  840  8.400  0.168  0.000 21.348 29.916  1.000  8.368  1.000
  841  8.410  0.168  0.000 21.381 29.959  1.000  8.378  1.000
  842  8.420  0.168  0.000 21.413 30.002  1.000  8.388  1.000
  843  8.430  0.169  0.000 21.446 30.044  1.000  8.398  1.000
  844  8.440  0.169  0.000 21.478 30.087  1.000  8.409  1.000
  845  8.450  0.169  0.000 21.511 30.130  1.000  8.419  1.000
  846  8.460  0.169  0.000 21.544 30.173  1.000  8.429  1.000
  847  8.470  0.169  0.000 21.576 30.216  1.000  8.439  1.000
  848  8.480  0.170  0.000 21.609 30.258  1.000  8.449  1.000
  849  8.490  0.170  0.000 21.641 30.301  1.000  8.460  1.000
  850  8.500  0.170  0.000 21.674 30.344  1.000  8.470  1.000
  851  8.510  0.170  0.000 21.707 30.387  1.000  8.480  1.000
  852  8.520  0.170  0.000 21.739 30.430  1.000  8.490  1.000
  853  8.530  0.171  0.000 21.772 30.473  1.000  8.500  1.000
  854  8.540  0.171  0.000 21.805 30.515  1.000  8.511  1.000
  855  8.550  0.171  0.000 21.837 30.558  1.000  8.521  1.000
  856  8.560  0.171  0.000 21.870 30.601  1.000  8.531  1.000
  857  8.570  0.171  0.000 21.903 30.644  1.000  8.541  1.000
  858  8.580  0.172  0.000 21.935 30.687  1.000  8.551  1.000
  859  8.590  0.172  0.000 21.968 30.730  1.000  8.562  1.000
  860  8.600  0.172  0.000 22.001 30.773  1.000  8.572  1.000
  861  8.610  0.172  0.000 22.033 30.816  1.000  8.582  1.000
  862  8.620  0.172  0.000 22.066 30.859  1.000  8.592  1.000
  863  8.630  0.173  0.000 22.099 30.902  1.000  8.602  1.000
  864  8.640  0.173  0.000 22.132 30.945  1.000  8.613  1.000
  865  8.650  0.173  0.000 22.164 30.987  1.000  8.623  1.000
  866  8.660  0.173  0.000 22.197 31.030  1.000  8.633  1.000
  867  8.670  0.173  0.000 22.230 31.073  1.000  8.643  1.000
  868  8.680  0.174  0.000 22.263 31.116  1.000  8.653  1.000
  869  8.690  0.174  0.000 22.296 31.159  1.000  8.664  1.000
  870  8.700  0.174  0.000 22.328 31.202  1.000  8.674  1.000
  871  8.710  0.174  0.000 22.361 31.245  1.000  8.684  1.000
  872  8.720  0.174  0.000 22.394 31.289  1.000  8.694  1.000
  873  8.730  0.175  0.000 22.427 31.332  1.000  8.704  1.000
  874  8.740  0.175  0.000 22.460 31.375  1.000  8.715  1.000
  875  8.750  0.175  0.000 22.493 31.418  1.000  8.725  1.000
  876  8.760  0.175  0.000 22.526 31.461  1.000  8.735  1.000
  877  8.770  0.175  0.000 22.558 31.504  1.000  8.745  1.000
  878  8.780  0.176  0.000 22.591 31.547  1.000  8.755  1.000
  879  8.790  0.176  0.000 22.624 31.590  1.000  8.766  1.000
  880  8.800  0.176  0.000 22.657 31.633  1.000  8.776  1.000
  881  8.810  0.176  0.000 22.690 31.676  1.000  8.786  1.000
  882  8.820  0.176  0.000 22.723 31.719  1.000  8.796  1.000
  883  8.830  0.177  0.000 22.756 31.763  1.000  8.806  1.000
  884  8.840  0.177  0.000 22.789 31.806  1.000  8.817  1.000
  885  8.850  0.177  0.000 22.822 31.849  1.000  8.827  1.000
  886  8.860  0.177  0.000 22.855 31.892  1.000  8.837  1.000
  887  8.870  0.177  0.000 22.888 31.935  1.000  8.847  1.000
  888  8.880  0.178  0.000 22.921 31.978  1.000  8.857  1.000
  889  8.890  0.178  0.000 22.954 32.022  1.000  8.868  1.000
  890  8.900  0.178  0.000 22.987 32.065  1.000  8.878  1.000
  891  8.910  0.178  0.000 23.020 32.108  1.000  8.888  1.000
  892  8.920  0.178  0.000 23.053 32.151  1.000  8.898  1.000
  893  8.930  0.179  0.000 23.086 32.194  1.000  8.908  1.000
  894  8.940  0.179  0.000 23.119 32.238  1.000  8.919  1.000
  895  8.950  0.179  0.000 23.152 32.281  1.000  8.929  1.000
  896  8.960  0.179  0.000 23.185 32.324  1.000  8.939  1.000
  897  8.970  0.179  0.000 23.218 32.368  1.000  8.949  1.000
  898  8.980  0.180  0.000 23.251 32.411  1.000  8.959  1.000
  899  8.990  0.180  0.000 23.284 32.454  1.000  8.970  1.000
  900  9.000  0.180  0.000 23.317 32.497  1.000  8.980  1.000
  901  9.010  0.180  0.000 23.351 32.541  1.000  8.990  1.000
  902  9.020  0.180  0.000 23.384 32.584  1.000  9.000  1.000
  903  9.030  0.181  0.000 23.417 32.627  1.000  9.010  1.000
  904  9.040  0.181  0.000 23.450 32.671  1.000  9.021  1.000
  905  9.050  0.181  0.000 23.483 32.714  1.000  9.031  1.000
  906  9.060  0.181  0.000 23.516 32.757  1.000  9.041  1.000
  907  9.070  0.181  0.000 23.549 32.801  1.000  9.051  1.000
  908  9.080  0.182  0.000 23.583 32.844  1.000  9.061  1.000
  909  9.090  0.182  0.000 23.616 32.888  1.000  9.072  1.000
  910  9.100  0.182  0.000 23.649 32.931  1.000  9.082  1.000
  911  9.110  0.182  0.000 23.682 32.974  1.000  9.092  1.000
  912  9.120  0.182  0.000 23.715 33.018  1.000  9.102  1.000
  913  9.130  0.183  0.000 23.749 33.061  1.000  9.112  1.000
  914  9.140  0.183  0.000 23.782 33.105  1.000  9.123  1.000
  915  9.150  0.183  0.000 23.815 33.148  1.000  9.133  1.000
  916  9.160  0.183  0.000 23.848 33.192  1.000  9.143  1.000
  917  9.170  0.183  0.000 23.882 33.235  1.000  9.153  1.000
  918  9.180  0.184  0.000 23.915 33.278  1.000  9.163  1.000
  919  9.190  0.184  0.000 23.948 33.322  1.000  9.174  1.000
  920  9.200  0.184  0.000 23.981 33.365  1.000  9.184  1.000
  921  9.210  0.184  0.000 24.015 33.409  1.000  9.194  1.000
  922  9.220  0.184  0.000 24.048 33.452  1.000  9.204  1.000
  923  9.230  0.185  0.000 24.081 33.496  1.000  9.214  1.000
  924  9.240  0.185  0.000 24.115 33.539  1.000  9.225  1.000
  925  9.250  0.185  0.000 24.148 33.583  1.000  9.235  1.000
  926  9.260  0.185  0.000 24.181 33.627  1.000  9.245  1.000
  927  9.270  0.185  0.000 24.215 33.670  1.000  9.255  1.000
  928  9.280  0.186  0.000 24.248 33.714  1.000  9.265  1.000
  929  9.290  0.186  0.000 24.281 33.757  1.000  9.276  1.000
  930  9.300  0.186  0.000 24.315 33.801  1.000  9.286  1.000
  931  9.310  0.186  0.000 24.348 33.844  1.000  9.296  1.000
  932  9.320  0.186  0.000 24.382 33.888  1.000  9.306  1.000
  933  9.330  0.187  0.000 24.415 33.932  1.000  9.316  1.000
  934  9.340  0.187  0.000 24.448 33.975  1.000  9.327  1.000
  935  9.350  0.187  0.000 24.482 34.019  1.000  9.337  1.000
  936  9.360  0.187  0.000 24.515 34.062  1.000  9.347  1.000
  937  9.370  0.187  0.000 24.549 34.106  1.000  9.357  1.000
  938  9.380  0.188  0.000 24.582 34.150  1.000  9.367  1.000
  939  9.390  0.188  0.000 24.616 34.193  1.000  9.378  1.000
  940  9.400  0.188  0.000 24.649 34.237  1.000  9.388  1.000
  941  9.410  0.188  0.000 24.683 34.281  1.000  9.398  1.000
  942  9.420  0.188  0.000 24.716 34.324  1.000  9.408  1.000
  943  9.430  0.189  0.000 24.750 34.368  1.000  9.418  1.000
  944  9.440  0.189  0.000 24.783 34.412  1.000  9.429  1.000
  945  9.450  0.189  0.000 24.817 34.456  1.000  9.439  1.000
  946  9.460  0.189  0.000 24.850 34.499  1.000  9.449  1.000
  947  9.470  0.189  0.000 24.884 34.543  1.000  9.459  1.000
  948  9.480  0.190  0.000 24.917 34.587  1.000  9.469  1.000
  949  9.490  0.190  0.000 24.951 34.631  1.000  9.480  1.000
  950  9.500  0.190  0.000 24.984 34.674  1.000  9.490  1.000
  951  9.510  0.190  0.000 25.018 34.718  1.000  9.500  1.000
  952  9.520  0.190  0.000 25.051 34.762  1.000  9.510  1.000
  953  9.530  0.191  0.000 25.085 34.806  1.000  9.520  1.000
  954  9.540  0.191  0.000 25.119 34.849  1.000  9.531  1.000
  955  9.550  0.191  0.000 25.152 34.893  1.000  9.541  1.000
  956  9.560  0.191  0.000 25.186 34.937  1.000  9.551  1.000
  957  9.570  0.191  0.000 25.220 34.981  1.000  9.561  1.000
  958  9.580  0.192  0.000 25.253 35.025  1.000  9.571  1.000
  959  9.590  0.192  0.000 25.287 35.069  1.000  9.582  1.000
  960  9.600  0.192  0.000 25.320 35.112  1.000  9.592  1.000
  961  9.610  0.192  0.000 25.354 35.156  1.000  9.602  1.000
  962  9.620  0.192  0.000 25.388 35.200  1.000  9.612  1.000
  963  9.630  0.193  0.000 25.421 35.244  1.000  9.622  1.000
  964  9.640  0.193  0.000 25.455 35.288  1.000  9.633  1.000
  965  9.650  0.193  0.000 25.489 35.332  1.000  9.643  1.000
  966  9.660  0.193  0.000 25.523 35.376  1.000  9.653  1.000
  967  9.670  0.193  0.000 25.556 35.420  1.000  9.663  1.000
  968  9.680  0.194  0.000 25.590 35.464  1.000  9.673  1.000
  969  9.690  0.194  0.000 25.624 35.508  1.000  9.684  1.000
  970  9.700  0.194  0.000 25.657 35.551  1.000  9.694  1.000
  971  9.710  0.194  0.000 25.691 35.595  1.000  9.704  1.000
  972  9.720  0.194  0.000 25.725 35.639  1.000  9.714  1.000
  973  9.730  0.195  0.000 25.759 35.683  1.000  9.724  1.000
  974  9.740  0.195  0.000 25.793 35.727  1.000  9.735  1.000
  975  9.750  0.195  0.000 25.826 35.771  1.000  9.745  1.000
  976  9.760  0.195  0.000 25.860 35.815  1.000  9.755  1.000
  977  9.770  0.195  0.000 25.894 35.859  1.000  9.765  1.000
  978  9.780  0.196  0.000 25.928 35.903  1.000  9.775  1.000
  979  9.790  0.196  0.000 25.962 35.947  1.000  9.786  1.000
  980  9.800  0.196  0.000 25.995 35.991  1.000  9.796  1.000
  981  9.810  0.196  0.000 26.029 36.035  1.000  9.806  1.000
  982  9.820  0.196  0.000 26.063 36.079  1.000  9.816  1.000
  983  9.830  0.197  0.000 26.097 36.124  1.000  9.826  1.000
  984  9.840  0.197  0.000 26.131 36.168  1.000  9.837  1.000
  985  9.850  0.197  0.000 26.165 36.212  1.000  9.847  1.000
  986  9.860  0.197  0.000 26.199 36.256  1.000  9.857  1.000
  987  9.870  0.197  0.000 26.232 36.300  1.000  9.867  1.000
  988  9.880  0.198  0.000 26.266 36.344  1.000  9.877  1.000
  989  9.890  0.198  0.000 26.300 36.388  1.000  9.888  1.000
  990  9.900  0.198  0.000 26.334 36.432  1.000  9.898  1.000
  991  9.910  0.198  0.000 26.368 36.476  1.000  9.908  1.000
  992  9.920  0.198  0.000 26.402 36.520  1.000  9.918  1.000
  993  9.930  0.199  0.000 26.436 36.565  1.000  9.928  1.000
  994  9.940  0.199  0.000 26.470 36.609  1.000  9.939  1.000
  995  9.950  0.199  0.000 26.504 36.653  1.000  9.949  1.000
  996  9.960  0.199  0.000 26.538 36.697  1.000  9.959  1.000
  997  9.970  0.199  0.000 26.572 36.741  1.000  9.969  1.000
  998  9.980  0.200  0.000 26.606 36.785  1.000  9.979  1.000
  999  9.990  0.200  0.000 26.640 36.830  1.000  9.990  1.000
 1000 10.000  0.200  0.000 26.674 36.874  1.000 10.000  1.000
